8731

10753
10739
10733
10729
10723
10711
10709
10691
10687
10667
10663
10657
10651
10639
10631
10627
10613
10607
10601
10597
10589
10567
10559
10531
10529
10513
10501
10499
10487
10477
10463
10459
10457
10453
10433
10429
10427
10399
10391
10369
10357
10343
10337
10333
10331
10321
10313
10303
10301
10289
10273
10271
10267
10259
10253
10247
10243
10223
10211
10193
10181
10177
10169
10163
10159
10151
10141
10139
10133
10111
10103
10099
10093
10091
10079
10069
10067
10061
10039
10037
10009
10007
9973
9967
9949
9941
9931
9929
9923
9907
9901
9887
9883
9871
9859
9857
9851
9839
9833
9829
9817
9811
9803
9791
9787
9781
9769
9767
9749
9743
9739
9733
9721
9719
9697
9689
9679
9677
9661
9649
9643
9631
9629
9623
9619
9613
9601
9587
9551
9547
9539
9533
9521
9511
9497
9491
9479
9473
9467
9463
9461
9439
9437
9433
9431
9421
9419
9413
9403
9397
9391
9377
9371
9349
9343
9341
9337
9323
9319
9311
9293
9283
9281
9277
9257
9241
9239
9227
9221
9209
9203
9199
9187
9181
9173
9161
9157
9151
9137
9133
9127
9109
9103
9091
9067
9059
9049
9043
9041
9029
9013
9011
9007
9001
8999
8971
8969
8963
8951
8941
8933
8929
8923
8893
8887
8867
8863
8861
8849
8839
8837
8831
8821
8819
8807
8803
8783
8779
10799
10789
10781
10771
10753
10739
10733
10729
10723
10711
10709
10691
10687
10667
10663
10657
10651
10639
10631
10627
10613
10607
10601
10597
10589
10567
10559
10531
10529
10513
10501
10499
10487
10477
10463
10459
10457
10453
10433
10429
10427
10399
10391
10369
10357
10343
10337
10333
10331
10321
10313
10303
10301
10289
10273
10271
10267
10259
10253
10247
10243
10223
10211
10193
10181
10177
10169
10163
10159
10151
10141
10139
10133
10111
10103
10099
10093
10091
10079
10069
10067
10061
10039
10037
10009
10007
9973
9967
9949
9941
9931
9929
9923
9907
9901
9887
9883
9871
9859
9857
9851
9839
9833
9829
9817
9811
9803
9791
9787
9781
9769
9767
9749
9743
9739
9733
9721
9719
9697
9689
9679
9677
9661
9649
9643
9631
9629
9623
9619
9613
9601
9587
9551
9547
9539
9533
9521
9511
9497
9491
9479
9473
9467
9463
9461
9439
9437
9433
9431
9421
9419
9413
9403
9397
9391
9377
9371
9349
9343
9341
9337
9323
9319
9311
9293
9283
9281
9277
9257
9241
9239
9227
9221
9209
9203
9199
9187
9181
9173
9161
9157
9151
9137
9133
9127
9109
9103
9091
9067
9059
9049
9043
9041
9029
9013
9011
9007
9001
8999
8971
8969
8963
8951
8941
8933
8929
8923
8893
8887
8867
8863
8861
8849
8839
8837
8831
10853
10847
10837
10831
10799
10789
10781
10771
10753
10739
10733
10729
10723
10711
10709
10691
10687
10667
10663
10657
10651
10639
10631
10627
10613
10607
10601
10597
10589
10567
10559
10531
10529
10513
10501
10499
10487
10477
10463
10459
10457
10453
10433
10429
10427
10399
10391
10369
10357
10343
10337
10333
10331
10321
10313
10303
10301
10289
10273
10271
10267
10259
10253
10247
10243
10223
10211
10193
10181
10177
10169
10163
10159
10151
10141
10139
10133
10111
10103
10099
10093
10091
10079
10069
10067
10061
10039
10037
10009
10007
9973
9967
9949
9941
9931
9929
9923
9907
9901
9887
9883
9871
9859
9857
9851
9839
9833
9829
9817
9811
9803
9791
9787
9781
9769
9767
9749
9743
9739
9733
9721
9719
9697
9689
9679
9677
9661
9649
9643
9631
9629
9623
9619
9613
9601
9587
9551
9547
9539
9533
9521
9511
9497
9491
9479
9473
9467
9463
9461
9439
9437
9433
9431
9421
9419
9413
9403
9397
9391
9377
9371
9349
9343
9341
9337
9323
9319
9311
9293
9283
9281
9277
9257
9241
9239
9227
9221
9209
9203
9199
9187
9181
9173
9161
9157
9151
9137
9133
9127
9109
9103
9091
9067
9059
9049
9043
9041
9029
9013
9011
9007
9001
8999
8971
8969
8963
8951
8941
8933
8929
8923
8893
8887
8867
8863
8861
